../../../.git/annex/objects/9V/wF/SHA256E-s12942488--f1a35327a8c968484056941f953213d10cccea434c7e624be0cfb10a510e01d2.csv/SHA256E-s12942488--f1a35327a8c968484056941f953213d10cccea434c7e624be0cfb10a510e01d2.csv